Id,SalePrice
1461,127580.9
1462,163833.38
1463,188466.42
1464,184663.98
1465,189776.9
1466,174190.44
1467,177487.86
1468,162328.05
1469,192090.86
1470,122173.3
1471,196086.98
1472,94277.12
1473,94309.22
1474,150270.42
1475,132143.92
1476,376750.1
1477,250293.95
1478,281746.03
1479,293622.1
1480,530781.6
1481,324166.8
1482,204806.75
1483,166557.06
1484,163242.89
1485,177369.42
1486,190067.8
1487,335398.6
1488,237986.81
1489,198612.69
1490,202012.23
1491,192547.92
1492,95478.71
1493,186755.95
1494,302268.8
1495,303124.12
1496,223600.33
1497,183465.95
1498,158759.12
1499,155499.27
1500,144055.44
1501,171379.19
1502,143995.97
1503,282335.62
1504,249420.4
1505,230689.38
1506,188644.27
1507,247764.9
1508,203631.2
1509,166087.7
1510,143792.45
1511,142814.62
1512,171874.95
1513,139845.47
1514,144333.08
1515,208132.4
1516,160016.95
1517,168560.23
1518,142934.94
1519,218674.5
1520,135078.06
1521,136412.5
1522,173040.88
1523,110253.29
1524,122560.62
1525,126175.734
1526,121106.875
1527,110427.97
1528,131528.86
1529,147472.75
1530,182319.48
1531,94101.87
1532,102832.46
1533,143681.02
1534,117776.41
1535,152715.75
1536,105867.88
1537,68606.055
1538,159729.56
1539,202807.53
1540,91855.836
1541,140979.8
1542,138176.81
1543,228085.48
1544,77982.39
1545,108560.016
1546,124150.05
1547,125502.484
1548,129883.984
1549,113568.51
1550,137707.05
1551,119952.02
1552,130315.88
1553,150369.05
1554,115754.67
1555,169873.69
1556,83096.18
1557,104610.54
1558,91790.42
1559,80744.38
1560,135154.34
1561,140365.5
1562,131288.0
1563,120533.18
1564,149181.66
1565,149246.97
1566,234033.44
1567,81408.25
1568,217661.66
1569,129479.32
1570,140122.34
1571,129634.38
1572,150530.03
1573,250212.81
1574,119821.56
1575,215178.77
1576,209485.33
1577,189278.4
1578,145103.75
1579,143746.25
1580,199309.62
1581,139234.52
1582,128750.5
1583,323988.47
1584,221963.75
1585,142156.0
1586,86262.02
1587,100244.41
1588,151410.45
1589,90759.72
1590,133961.2
1591,98664.48
1592,116761.055
1593,135437.7
1594,111803.734
1595,102992.83
1596,250043.69
1597,179505.38
1598,216520.48
1599,193667.81
1600,185647.0
1601,71568.17
1602,112739.74
1603,90029.805
1604,259646.98
1605,251665.2
1606,171684.77
1607,166330.39
1608,207601.33
1609,181539.6
1610,150841.3
1611,141011.8
1612,167593.05
1613,158356.75
1614,127415.414
1615,81318.86
1616,70595.484
1617,90727.35
1618,123758.76
1619,133105.81
1620,177911.36
1621,139387.05
1622,132527.47
1623,289746.94
1624,204828.83
1625,132136.23
1626,163222.19
1627,186470.5
1628,268776.53
1629,185923.22
1630,355596.28
1631,224208.25
1632,245727.56
1633,165835.89
1634,178771.11
1635,181861.22
1636,153041.9
1637,194370.56
1638,199785.95
1639,181560.38
1640,250290.61
1641,183395.62
1642,222886.9
1643,237366.66
1644,230373.22
1645,187387.86
1646,157163.53
1647,170539.7
1648,134242.69
1649,134252.16
1650,114644.625
1651,121837.85
1652,97960.17
1653,92031.734
1654,153815.06
1655,155492.73
1656,143527.08
1657,153631.81
1658,143798.5
1659,141070.05
1660,150935.84
1661,456528.06
1662,417116.62
1663,398455.25
1664,475100.84
1665,287873.44
1666,319556.47
1667,384672.1
1668,318272.1
1669,295873.62
1670,367287.78
1671,247688.84
1672,463940.72
1673,287859.72
1674,245817.56
1675,177958.88
1676,178234.2
1677,218675.12
1678,444003.06
1679,383065.34
1680,345949.9
1681,252602.0
1682,319647.0
1683,174226.16
1684,180198.5
1685,171077.58
1686,166169.14
1687,165394.92
1688,188244.75
1689,196833.05
1690,194307.17
1691,177084.45
1692,277811.88
1693,171020.31
1694,183610.0
1695,171181.86
1696,283423.62
1697,172465.23
1698,357509.0
1699,310276.12
1700,242171.6
1701,284305.88
1702,243118.73
1703,250768.22
1704,288602.44
1705,236380.16
1706,413306.94
1707,221717.48
1708,197169.72
1709,282814.25
1710,224728.23
1711,259376.22
1712,287035.7
1713,264868.8
1714,226067.19
1715,209417.4
1716,186465.88
1717,179897.83
1718,137312.84
1719,197037.77
1720,257462.08
1721,178159.6
1722,122524.86
1723,156280.81
1724,205724.27
1725,229313.4
1726,175063.92
1727,154758.81
1728,193569.39
1729,161535.52
1730,160970.2
1731,123294.734
1732,130943.13
1733,122613.58
1734,112992.05
1735,129961.92
1736,118754.71
1737,330188.0
1738,214772.83
1739,234234.17
1740,192136.48
1741,188183.0
1742,171465.67
1743,178770.27
1744,301162.72
1745,220190.62
1746,198373.42
1747,216956.62
1748,215103.25
1749,147943.38
1750,128942.8
1751,230040.39
1752,124156.44
1753,151371.75
1754,200201.94
1755,162503.53
1756,126418.555
1757,121765.484
1758,138344.8
1759,159503.2
1760,165440.67
1761,136048.33
1762,168600.11
1763,175223.28
1764,118767.51
1765,134662.88
1766,180954.84
1767,223714.23
1768,143846.22
1769,186237.86
1770,146797.81
1771,128977.6
1772,135338.02
1773,132896.39
1774,149577.83
1775,140908.28
1776,124782.12
1777,114718.12
1778,140335.11
1779,112658.92
1780,194101.22
1781,130534.05
1782,97495.29
1783,139052.06
1784,103424.234
1785,122060.336
1786,167214.05
1787,178555.23
1788,60007.105
1789,103349.2
1790,89250.84
1791,181084.33
1792,151495.52
1793,131327.69
1794,145093.23
1795,138092.11
1796,124535.08
1797,113925.29
1798,126385.766
1799,111291.414
1800,126188.01
1801,120795.32
1802,140475.98
1803,150042.02
1804,139859.2
1805,141355.28
1806,116907.016
1807,124405.1
1808,124439.87
1809,121113.57
1810,146220.48
1811,91222.31
1812,97251.984
1813,121400.24
1814,98548.15
1815,59339.57
1816,96333.984
1817,109420.44
1818,130795.484
1819,129658.25
1820,64661.516
1821,109532.15
1822,151352.12
1823,53283.645
1824,124032.17
1825,130927.77
1826,96907.484
1827,104735.82
1828,138619.89
1829,110814.51
1830,128399.32
1831,161192.8
1832,89525.68
1833,134486.28
1834,122731.27
1835,131045.57
1836,130960.24
1837,89662.305
1838,121670.3
1839,85555.15
1840,153632.53
1841,142422.9
1842,75984.89
1843,128685.31
1844,129770.695
1845,145065.42
1846,156569.92
1847,159078.45
1848,55249.51
1849,116895.305
1850,126137.48
1851,159656.61
1852,134367.44
1853,130544.63
1854,175317.89
1855,144914.44
1856,226235.84
1857,153870.08
1858,135923.19
1859,125380.58
1860,148582.48
1861,125380.58
1862,301265.84
1863,301356.1
1864,301356.1
1865,335851.2
1866,328589.1
1867,238176.17
1868,308459.6
1869,205760.77
1870,240096.19
1871,262444.44
1872,168321.22
1873,230635.92
1874,148759.28
1875,205740.55
1876,186519.94
1877,214100.02
1878,209418.4
1879,132702.75
1880,135678.16
1881,236182.08
1882,264475.56
1883,193778.66
1884,203326.14
1885,263999.53
1886,317188.53
1887,198190.75
1888,281278.38
1889,156358.03
1890,117250.125
1891,136767.33
1892,106697.81
1893,122334.77
1894,130545.375
1895,147620.48
1896,128420.13
1897,110597.016
1898,108601.85
1899,150381.1
1900,153833.69
1901,156776.27
1902,139303.05
1903,219176.83
1904,151233.81
1905,196692.69
1906,139357.0
1907,189703.08
1908,107553.32
1909,131567.25
1910,119489.38
1911,206070.45
1912,321051.72
1913,153817.7
1914,60017.406
1915,295484.22
1916,66603.8
1917,281912.12
1918,140783.23
1919,157131.31
1920,145459.14
1921,447392.0
1922,331619.78
1923,208607.34
1924,225862.69
1925,193807.48
1926,398828.2
1927,135065.83
1928,156901.9
1929,121707.44
1930,135663.4
1931,142501.17
1932,141015.7
1933,174427.98
1934,182772.81
1935,165835.27
1936,185843.8
1937,184627.89
1938,164441.5
1939,246318.34
1940,186973.9
1941,170220.73
1942,179124.38
1943,205274.89
1944,352198.34
1945,380535.12
1946,136851.36
1947,301694.53
1948,168175.05
1949,234166.94
1950,188408.38
1951,263923.28
1952,216827.14
1953,162932.77
1954,192682.94
1955,134897.58
1956,286785.88
1957,151022.67
1958,317203.34
1959,139010.69
1960,117353.61
1961,120109.76
1962,97463.4
1963,101193.79
1964,107257.914
1965,145130.33
1966,155990.75
1967,291208.75
1968,432290.62
1969,429458.62
1970,468069.3
1971,458461.75
1972,390663.84
1973,253330.81
1974,330240.28
1975,457822.53
1976,268457.06
1977,357076.6
1978,361887.44
1979,333079.34
1980,187458.83
1981,357353.88
1982,225660.73
1983,207443.2
1984,173079.66
1985,216999.45
1986,220506.89
1987,177914.08
1988,176873.81
1989,188793.1
1990,213423.4
1991,230173.16
1992,206170.89
1993,170760.05
1994,233309.4
1995,187919.92
1996,265035.1
1997,320074.97
1998,335484.97
1999,255056.34
2000,313704.0
2001,254059.06
2002,249712.67
2003,264669.1
2004,281325.3
2005,231970.25
2006,226438.53
2007,244521.55
2008,218905.27
2009,185323.28
2010,198459.7
2011,138344.4
2012,178001.98
2013,181161.88
2014,176337.22
2015,205615.4
2016,184505.9
2017,191415.53
2018,121318.414
2019,138988.95
2020,108191.555
2021,115437.4
2022,175779.11
2023,138356.94
2024,216346.08
2025,368697.53
2026,172081.12
2027,148855.36
2028,152733.38
2029,168264.72
2030,273704.66
2031,243358.81
2032,263984.44
2033,269781.16
2034,163114.36
2035,211504.39
2036,199932.72
2037,204731.97
2038,234434.62
2039,227592.69
2040,269814.34
2041,279825.53
2042,195964.16
2043,168972.44
2044,166889.53
2045,225602.2
2046,145532.95
2047,147119.6
2048,136627.72
2049,139107.5
2050,191500.44
2051,105484.82
2052,132077.4
2053,147948.03
2054,69753.664
2055,163768.08
2056,139133.25
2057,118308.88
2058,225595.75
2059,133654.81
2060,168948.75
2061,190802.23
2062,133828.14
2063,114698.87
2064,139338.27
2065,116667.555
2066,160879.36
2067,118442.2
2068,162599.5
2069,84890.32
2070,112027.125
2071,86470.41
2072,129329.75
2073,138718.02
2074,198050.94
2075,151791.27
2076,127741.0
2077,145885.78
2078,127424.164
2079,128960.38
2080,121755.5
2081,130800.6
2082,128049.09
2083,149222.64
2084,118563.47
2085,126264.21
2086,114036.6
2087,120111.48
2088,102230.03
2089,80772.19
2090,132218.94
2091,112011.85
2092,121756.31
2093,116331.13
2094,122960.664
2095,128411.32
2096,80087.61
2097,95583.58
2098,149682.86
2099,61480.594
2100,79095.55
2101,123339.66
2102,126167.914
2103,108646.086
2104,140079.19
2105,126290.22
2106,68842.66
2107,238487.11
2108,115565.73
2109,105715.14
2110,131063.82
2111,149090.9
2112,136382.19
2113,118810.79
2114,110089.484
2115,156594.86
2116,118706.81
2117,154918.58
2118,120026.29
2119,102635.05
2120,106693.13
2121,97586.17
2122,93426.57
2123,91390.72
2124,172159.75
2125,137821.08
2126,143972.77
2127,165358.33
2128,127686.31
2129,108700.29
2130,139464.16
2131,165367.0
2132,118738.29
2133,124190.19
2134,117629.47
2135,98336.54
2136,72872.91
2137,109076.305
2138,129531.195
2139,150731.3
2140,143549.12
2141,137690.77
2142,127692.16
2143,142277.8
2144,113681.31
2145,134849.22
2146,163729.34
2147,127649.055
2148,127368.03
2149,139398.47
2150,224702.52
2151,118838.09
2152,170376.64
2153,167975.64
2154,102802.945
2155,141736.08
2156,250747.17
2157,231065.66
2158,228635.61
2159,208746.64
2160,170195.73
2161,245134.45
2162,379997.3
2163,345900.44
2164,269213.16
2165,199397.27
2166,150357.16
2167,229479.89
2168,192434.84
2169,197953.69
2170,217623.47
2171,142472.77
2172,136435.92
2173,153508.48
2174,238995.98
2175,335613.28
2176,312522.12
2177,241703.2
2178,219809.2
2179,142961.8
2180,229499.16
2181,190209.78
2182,217035.25
2183,185773.81
2184,130682.52
2185,112494.66
2186,147567.56
2187,153540.27
2188,161133.78
2189,229551.69
2190,83688.27
2191,83535.81
2192,94429.46
2193,96758.99
2194,105383.56
2195,110273.586
2196,106046.44
2197,119780.32
2198,171196.72
2199,175386.45
2200,146423.8
2201,133184.03
2202,214060.61
2203,138269.36
2204,188245.66
2205,113949.305
2206,141632.17
2207,217037.73
2208,250363.9
2209,226788.86
2210,117554.67
2211,120000.99
2212,113612.81
2213,104090.47
2214,131441.97
2215,102170.484
2216,156849.39
2217,65161.203
2218,74835.26
2219,65952.13
2220,65978.555
2221,283994.53
2222,250153.88
2223,260394.38
2224,211784.34
2225,124926.31
2226,190016.69
2227,210299.02
2228,269495.2
2229,251635.92
2230,156758.61
2231,208490.98
2232,175520.47
2233,173124.39
2234,241542.14
2235,213793.95
2236,258958.77
2237,351096.38
2238,203449.7
2239,114898.56
2240,163172.39
2241,152790.92
2242,129268.22
2243,126830.945
2244,97430.78
2245,99175.5
2246,147735.84
2247,100853.12
2248,128313.63
2249,130583.6
2250,141504.98
2251,107899.64
2252,177345.06
2253,148058.4
2254,171874.62
2255,191178.9
2256,195348.22
2257,198305.33
2258,175486.33
2259,175583.1
2260,146372.42
2261,197167.84
2262,215222.06
2263,343412.25
2264,436531.62
2265,180956.92
2266,296303.7
2267,354127.53
2268,406121.9
2269,151938.84
2270,195585.52
2271,233398.88
2272,192838.1
2273,166200.05
2274,170606.55
2275,160448.5
2276,198255.4
2277,184522.8
2278,141907.03
2279,128435.32
2280,118382.24
2281,157434.6
2282,177075.34
2283,102609.695
2284,108204.35
2285,151395.44
2286,124919.52
2287,373016.56
2288,263388.47
2289,389502.03
2290,474743.5
2291,325023.34
2292,434339.88
2293,459207.38
2294,422942.84
2295,415397.72
2296,299414.4
2297,306155.75
2298,303018.34
2299,418819.44
2300,341698.47
2301,288035.47
2302,236893.78
2303,242922.66
2304,241574.86
2305,174214.86
2306,173210.44
2307,180244.56
2308,225119.06
2309,283637.5
2310,214428.39
2311,187292.64
2312,174478.9
2313,174773.5
2314,173257.86
2315,179344.7
2316,181619.08
2317,179271.86
2318,176961.55
2319,180017.8
2320,194420.42
2321,252815.3
2322,172538.44
2323,188399.03
2324,167580.6
2325,212381.0
2326,162211.83
2327,210760.39
2328,224671.23
2329,185125.62
2330,173723.77
2331,346873.94
2332,403257.84
2333,317043.66
2334,246818.73
2335,279574.53
2336,330270.53
2337,206475.1
2338,286176.06
2339,202499.08
2340,404556.72
2341,216484.36
2342,240610.55
2343,226957.19
2344,197632.27
2345,248431.66
2346,217703.17
2347,197690.33
2348,241375.42
2349,172838.67
2350,297200.25
2351,254853.06
2352,244798.27
2353,228685.75
2354,136396.89
2355,150477.64
2356,155303.92
2357,200370.6
2358,180671.02
2359,130411.984
2360,116039.06
2361,139949.8
2362,279544.7
2363,141800.84
2364,166568.97
2365,223696.95
2366,202008.38
2367,232428.19
2368,206491.64
2369,227508.48
2370,168403.42
2371,167725.12
2372,186166.3
2373,285291.53
2374,327806.9
2375,271049.2
2376,274698.38
2377,360861.8
2378,135174.33
2379,186351.03
2380,142449.27
2381,157189.45
2382,213281.6
2383,207847.17
2384,249709.34
2385,164589.77
2386,134727.36
2387,134934.64
2388,97082.96
2389,128141.33
2390,147241.72
2391,143303.88
2392,117338.61
2393,175684.25
2394,140389.33
2395,198508.73
2396,140755.45
2397,212676.52
2398,134022.16
2399,58301.156
2400,52975.227
2401,110806.9
2402,136082.6
2403,137167.42
2404,140362.28
2405,157816.42
2406,143151.03
2407,126185.73
2408,143793.02
2409,127429.266
2410,174395.22
2411,119939.21
2412,152980.9
2413,134026.88
2414,137748.03
2415,140681.5
2416,132564.0
2417,128418.664
2418,125459.28
2419,128997.414
2420,126952.93
2421,158582.1
2422,117975.16
2423,114789.914
2424,171605.38
2425,185291.83
2426,142527.94
2427,137334.05
2428,181943.78
2429,118880.49
2430,134552.86
2431,104016.05
2432,142268.83
2433,148481.34
2434,136042.36
2435,148331.45
2436,104187.5
2437,114660.04
2438,129268.22
2439,107883.28
2440,123836.68
2441,96920.336
2442,97173.19
2443,117498.74
2444,129403.65
2445,74164.35
2446,116855.18
2447,190802.97
2448,138871.7
2449,109940.086
2450,148135.53
2451,123676.64
2452,210819.1
2453,92532.23
2454,122712.43
2455,116863.2
2456,123018.13
2457,126893.375
2458,122189.15
2459,106670.55
2460,127425.38
2461,114615.55
2462,133260.64
2463,122418.92
2464,170096.6
2465,136321.08
2466,113453.22
2467,139587.38
2468,79556.64
2469,74613.06
2470,189148.12
2471,214605.75
2472,176117.89
2473,116895.195
2474,81650.14
2475,219830.58
2476,114777.98
2477,125190.96
2478,148362.58
2479,99977.18
2480,149252.1
2481,121284.75
2482,128852.2
2483,117620.38
2484,121616.47
2485,123754.4
2486,153471.45
2487,167557.89
2488,165847.44
2489,147727.25
2490,144592.23
2491,89546.945
2492,177339.66
2493,151053.64
2494,160143.52
2495,88606.72
2496,237309.84
2497,154117.23
2498,117303.81
2499,93101.74
2500,131616.95
2501,134915.08
2502,143781.77
2503,90090.95
2504,178674.3
2505,227615.9
2506,255647.61
2507,276150.12
2508,255344.73
2509,209768.4
2510,237174.77
2511,181771.92
2512,206247.98
2513,207771.06
2514,230091.95
2515,146733.28
2516,162859.9
2517,138741.7
2518,156083.9
2519,219327.8
2520,207957.81
2521,192942.58
2522,219393.9
2523,119955.56
2524,128540.945
2525,141832.89
2526,132780.1
2527,106312.66
2528,129501.555
2529,126173.45
2530,112097.984
2531,257894.83
2532,227129.11
2533,195290.3
2534,239957.7
2535,331457.88
2536,233322.31
2537,242240.89
2538,182158.9
2539,194815.2
2540,165680.5
2541,187015.1
2542,169452.03
2543,133746.61
2544,131592.22
2545,136607.78
2546,132143.3
2547,140223.4
2548,142983.61
2549,150681.7
2550,642786.9
2551,138196.58
2552,127317.516
2553,82032.664
2554,102660.49
2555,121255.375
2556,106113.81
2557,103388.54
2558,123912.52
2559,136303.66
2560,144597.06
2561,144407.7
2562,122479.88
2563,150995.88
2564,199173.39
2565,134062.17
2566,145961.75
2567,129254.78
2568,186089.08
2569,196786.12
2570,116872.45
2571,187778.39
2572,172527.92
2573,208541.89
2574,254851.38
2575,129984.98
2576,126266.375
2577,149410.89
2578,87978.66
2579,74868.734
2580,116689.36
2581,111110.38
2582,115411.75
2583,264116.9
2584,150213.25
2585,168816.84
2586,213921.42
2587,197702.77
2588,151649.77
2589,149164.3
2590,216052.88
2591,191624.3
2592,208277.75
2593,266669.12
2594,180731.16
2595,217162.17
2596,310729.47
2597,179634.33
2598,268336.0
2599,321840.8
2600,145494.38
2601,141734.6
2602,86763.9
2603,93908.13
2604,84282.09
2605,78676.13
2606,143030.94
2607,184946.16
2608,207859.66
2609,161423.1
2610,110194.945
2611,133876.78
2612,156076.16
2613,133951.11
2614,129823.55
2615,154248.7
2616,142889.28
2617,190817.89
2618,198003.72
2619,209856.25
2620,184955.16
2621,178991.36
2622,171833.0
2623,255205.25
2624,277746.2
2625,308371.66
2626,172033.53
2627,177433.7
2628,455825.9
2629,485814.97
2630,363492.0
2631,439825.34
2632,435103.53
2633,301324.2
2634,397130.12
2635,148585.73
2636,183682.86
2637,178133.1
2638,241405.58
2639,182085.25
2640,152366.17
2641,101128.96
2642,184007.56
2643,97543.09
2644,126083.96
2645,103809.42
2646,96714.9
2647,99522.84
2648,141804.62
2649,139059.89
2650,141965.23
2651,138947.2
2652,409303.66
2653,248265.64
2654,231721.06
2655,405698.8
2656,319537.28
2657,344720.84
2658,311704.16
2659,305110.25
2660,351931.75
2661,363980.75
2662,366594.53
2663,289355.38
2664,272546.88
2665,323258.88
2666,292729.34
2667,156905.34
2668,191308.03
2669,165732.34
2670,275054.62
2671,190203.42
2672,182926.97
2673,208711.4
2674,203588.86
2675,171870.38
2676,190865.03
2677,189580.47
2678,232798.88
2679,274115.56
2680,292279.66
2681,429763.03
2682,324088.9
2683,489066.2
2684,320555.2
2685,312961.44
2686,275954.5
2687,321217.72
2688,229255.69
2689,211568.95
2690,464700.12
2691,175235.31
2692,134676.61
2693,190271.28
2694,129585.68
2695,192935.4
2696,189804.23
2697,179411.42
2698,177883.03
2699,166074.88
2700,153896.05
2701,155408.67
2702,117520.03
2703,130443.33
2704,142469.23
2705,123408.25
2706,119765.93
2707,128222.13
2708,137998.9
2709,103163.78
2710,131650.6
2711,263373.62
2712,395992.16
2713,168554.3
2714,148480.34
2715,170544.58
2716,142055.44
2717,180089.92
2718,236084.58
2719,152954.8
2720,175189.19
2721,136651.3
2722,155706.72
2723,152331.45
2724,127424.41
2725,132702.75
2726,144414.6
2727,188909.62
2728,163692.34
2729,150083.23
2730,144325.66
2731,131111.83
2732,127738.93
2733,158141.39
2734,145643.89
2735,129531.32
2736,142324.34
2737,127020.75
2738,140749.94
2739,163407.22
2740,134505.14
2741,141860.89
2742,152078.16
2743,141227.4
2744,159338.25
2745,144376.86
2746,139073.28
2747,151575.58
2748,123376.48
2749,129005.28
2750,136028.36
2751,135659.39
2752,184307.36
2753,135062.61
2754,231637.33
2755,126565.484
2756,86201.664
2757,77133.58
2758,72846.984
2759,164922.23
2760,118856.46
2761,142421.28
2762,145400.61
2763,188668.73
2764,155192.14
2765,286566.88
2766,127376.9
2767,84060.22
2768,137038.64
2769,134134.55
2770,150060.19
2771,114077.5
2772,114025.4
2773,149064.47
2774,140324.4
2775,134499.62
2776,132894.62
2777,153998.67
2778,98801.57
2779,120561.34
2780,97875.38
2781,99252.62
2782,88806.03
2783,100885.63
2784,126337.56
2785,136002.16
2786,74681.19
2787,118222.484
2788,75888.14
2789,186831.12
2790,89970.836
2791,116497.89
2792,54480.062
2793,153949.48
2794,94335.125
2795,120463.08
2796,101370.55
2797,210914.81
2798,105656.08
2799,121117.84
2800,75453.49
2801,112811.914
2802,136190.73
2803,168740.55
2804,137226.17
2805,102114.86
2806,76527.12
2807,161111.97
2808,147779.1
2809,132961.56
2810,130523.34
2811,156735.6
2812,150288.19
2813,159692.39
2814,164896.61
2815,101576.29
2816,247517.64
2817,149243.98
2818,127548.42
2819,147972.16
2820,129993.41
2821,97982.97
2822,195682.72
2823,281908.1
2824,174079.67
2825,152321.28
2826,130921.28
2827,139890.02
2828,195495.27
2829,176461.55
2830,228956.78
2831,185145.92
2832,229854.44
2833,294486.66
2834,206437.1
2835,219188.33
2836,193221.17
2837,152436.1
2838,150946.5
2839,178657.27
2840,205995.19
2841,201690.38
2842,223368.66
2843,145194.98
2844,142853.05
2845,121365.63
2846,206597.02
2847,189413.66
2848,223318.39
2849,200484.52
2850,291494.97
2851,233486.58
2852,237230.42
2853,235765.53
2854,141672.56
2855,198840.88
2856,200975.72
2857,193406.1
2858,198932.48
2859,119338.04
2860,124524.984
2861,126146.016
2862,193551.67
2863,126842.68
2864,255333.55
2865,139482.39
2866,144040.33
2867,98020.445
2868,95962.71
2869,120780.34
2870,116751.586
2871,84790.32
2872,57376.21
2873,104538.04
2874,133944.84
2875,114545.06
2876,169247.08
2877,145460.25
2878,174346.0
2879,132322.75
2880,98660.15
2881,149130.45
2882,150302.39
2883,179788.75
2884,205187.6
2885,189171.58
2886,222465.16
2887,92037.086
2888,129981.01
2889,66202.305
2890,86236.77
2891,131377.3
2892,55583.2
2893,71616.72
2894,55947.656
2895,294509.7
2896,266017.34
2897,197607.02
2898,147273.6
2899,228347.53
2900,152827.06
2901,205855.17
2902,172163.53
2903,337229.66
2904,361640.75
2905,88814.76
2906,203450.88
2907,110396.8
2908,129821.32
2909,139637.97
2910,84231.79
2911,86402.9
2912,141331.81
2913,87063.29
2914,73645.26
2915,75233.91
2916,87063.29
2917,160037.25
2918,118099.88
2919,225636.2
